# nbVertices nbArcs source sink
8 20 0 7
# nodes: id lowerBound upperBound
0 0.0 200.0
1 25.53894802809345 75.6122762506342
2 17.207172034465646 88.48261395441855
3 16.333602515013983 110.41526598761124
4 6.194284973589309 103.63582011263384
5 24.013093138625845 116.62371771059125
6 3.4539465293572102 75.52253077829658
7 0.0 200.0
# arcs: id tail head cost resourceCost
0 0 5 -1.6762756034162358 0.78261993971187
1 0 6 -1.7348807548503475 0.587929168567513
2 0 7 -2.631780986284508 0.6823832586202878
3 1 3 -2.5597473086909974 0.6535573464735225
4 1 4 -2.3552906080435925 0.5542079056194895
5 1 7 -2.1806623450102944 0.728070529872923
6 2 1 -1.741098448950311 0.6839832838481312
7 2 5 -1.812574042056219 0.5248018429378989
8 2 6 -2.5518007148832744 0.909060654090841
9 3 1 -1.1102861755882492 0.705105930681226
10 3 2 -1.6766084240817107 0.8938374972277153
11 3 7 -2.449956539305176 0.9874034642439959
12 4 2 -2.1862036553946584 0.6325357739246742
13 4 3 -2.053921524667355 0.6982630080509069
14 4 7 -2.4152395119457037 0.8473749862404913
15 5 3 -2.1486720264860155 0.5824127177313302
16 5 4 -2.246157211846141 0.8173042343662261
17 5 7 -2.123403186309145 0.9798567248809233
18 6 3 -2.935835498004155 0.8499628649673565
19 6 7 -1.1365173065735656 0.9438671680200933
