# nbVertices nbArcs source sink
6 9 0 5
# nodes: id lowerBound upperBound
0 0.0 200.0
1 29.079571617889393 119.89240158425005
2 45.085359646673346 125.86808949593214
3 49.43549511832671 129.23156850042864
4 0.08547859589230211 86.27379424911142
5 0.0 200.0
# arcs: id tail head cost resourceCost
0 0 5 -2.1819393572271912 0.5687241527943669
1 1 4 -2.095759618406996 0.771127203592344
2 2 1 -2.789928590342356 0.6418860418537634
3 2 3 -2.0123389073077735 0.7571724340842134
4 2 4 -2.9582322848212135 0.5120576085898385
5 2 5 -1.1722621600275778 0.8991873328226341
6 3 1 -2.347942022770468 0.5513805531379747
7 4 1 -1.1797065301404062 0.8901369680937901
8 4 3 -2.6737111624565513 0.5869475833686968
