# nbVertices nbArcs source sink
5 8 0 4
# nodes: id lowerBound upperBound
0 0.0 200.0
1 35.164231334536105 133.46446059079702
2 24.285211041222283 93.279798999155
3 14.26371624292253 97.13884263628914
4 0.0 200.0
# arcs: id tail head cost resourceCost
0 0 1 -2.360766983308044 0.9119076827129652
1 0 3 -1.9910795174578897 0.7938312573857218
2 0 4 -1.3385058791804223 0.5819023971919682
3 1 2 -1.1344968157220476 0.5715844399916283
4 1 4 -2.3492188880815306 0.5777841938136344
5 2 4 -1.8148110204973733 0.6408314366521741
6 3 2 -2.457700147117787 0.7858004208556286
7 3 4 -1.4493456826465627 0.5066841625978271
